2 0.89625 0.563932 0.207313 0.210117
2 0.48725 0.556549 0.202937 0.190563
0 0.632172 0.700857 0.0951875 0.574061
0 0.764375 0.688005 0.170531 0.623991
0 0.137617 0.514754 0.104703 0.341573
0 0.0875078 0.797195 0.172016 0.379789
0 0.936508 0.469859 0.0307969 0.0658685
0 0.913453 0.459589 0.0198125 0.0536854
0 0.545539 0.445094 0.0151719 0.0361502
2 0.54657 0.496127 0.100891 0.0655869
0 0.560883 0.438815 0.00598438 0.0503521
0 0.499797 0.451526 0.0109375 0.0208451
0 0.530695 0.444354 0.0113594 0.0346244
0 0.40182 0.459789 0.0119531 0.0298592
0 0.428859 0.449261 0.0109063 0.0187559
2 0.28632 0.482864 0.0399219 0.0462911
