0 0.565508 0.757656 0.181203 0.482229
0 0.759148 0.726583 0.0941406 0.455667
0 0.881711 0.707146 0.142609 0.407167
0 0.956914 0.771635 0.0773281 0.430396
0 0.431461 0.689885 0.134828 0.323604
0 0.665805 0.639344 0.0434531 0.154104
0 0.278336 0.600427 0.0426094 0.111438
0 0.245031 0.60225 0.0392188 0.0985417
0 0.372023 0.645635 0.0872969 0.239021
0 0.320961 0.622198 0.0503281 0.159396
2 0.0929453 0.566073 0.0223281 0.0227292
2 0.248477 0.559948 0.0147031 0.0201875
0 0.21193 0.58951 0.0313594 0.0875625
0 0.842164 0.582667 0.0359844 0.0567083
2 0.0299219 0.579083 0.023625 0.0367917
0 0.628039 0.583948 0.0384844 0.0488542
2 0.108813 0.567312 0.01275 0.015625
2 0.0696406 0.573823 0.0154687 0.0232708
2 0.0604063 0.577135 0.0136875 0.0286042
2 0.0398203 0.575365 0.0326719 0.0373125
2 0.0116797 0.582729 0.0232969 0.0492917
