1 0.477219 0.833333 0.0907188 0.109667
1 0.100734 0.880167 0.180594 0.239667
0 0.120203 0.799861 0.10425 0.278722
0 0.413367 0.737431 0.0543281 0.179639
0 0.874117 0.684944 0.0340781 0.135
0 0.437797 0.705014 0.0278125 0.0969167
0 0.471531 0.750806 0.0735625 0.238944
0 0.500219 0.681028 0.031125 0.100056
0 0.228172 0.748347 0.0600313 0.174583
0 0.350445 0.755917 0.0665781 0.234778
0 0.538484 0.702681 0.0455 0.161806
0 0.581148 0.659028 0.0212969 0.0701111
0 0.623664 0.701111 0.0376719 0.128611
0 0.6 0.665736 0.0205313 0.0759722
2 0.596961 0.633417 0.0516719 0.0412778
2 0.957227 0.642458 0.0442656 0.07225
2 0.717625 0.621153 0.0564687 0.0341944
2 0.894187 0.629792 0.0938438 0.06475
0 0.749227 0.675139 0.0362969 0.120222
