0 0.380898 0.521354 0.519109 0.930333
0 0.616266 0.20799 0.010875 0.0450625
0 0.629281 0.209677 0.0118125 0.0361875
0 0.73782 0.206833 0.0130781 0.0364167
0 0.827477 0.206917 0.0138594 0.0351667
0 0.842406 0.210062 0.0130312 0.02975
2 0.905148 0.202031 0.0260469 0.00952083
0 0.800625 0.210781 0.00790625 0.0256875
0 0.769148 0.207375 0.00982813 0.0325417
0 0.78443 0.207396 0.00898437 0.03225
0 0.752828 0.209604 0.0101875 0.0383333
0 0.810242 0.209385 0.00832813 0.0278958
0 0.876602 0.205479 0.0131406 0.0317083
