2 0.630078 0.332251 0.42375 0.354834
0 0.568789 0.662931 0.244672 0.650211
0 0.912344 0.579245 0.170594 0.730755
0 0.329773 0.277689 0.0478594 0.237492
0 0.129586 0.323036 0.131328 0.303353
0 0.0376875 0.260091 0.0684063 0.264592
0 0.780813 0.306284 0.0763438 0.240121
0 0.350805 0.533489 0.188703 0.553263
0 0.82857 0.35074 0.104484 0.26571
0 0.875703 0.185181 0.0345625 0.160574
0 0.584086 0.326012 0.0690781 0.248218
0 0.520953 0.309154 0.066625 0.282598
0 0.473531 0.466813 0.0899062 0.478097
0 0.296984 0.376677 0.0799062 0.245921
