0 0.528516 0.390328 0.135094 0.383279
0 0.254359 0.373466 0.091 0.349883
0 0.757047 0.381323 0.06525 0.0786651
0 0.61407 0.398443 0.0525469 0.130281
0 0.705523 0.393829 0.0427031 0.0523888
0 0.837359 0.437084 0.0135 0.0651756
0 0.0815078 0.447834 0.0773281 0.371499
0 0.128234 0.282588 0.0509063 0.102834
0 0.349578 0.40322 0.0549063 0.150141
0 0.418891 0.346721 0.0330312 0.071897
0 0.0264687 0.439684 0.0469375 0.320726
0 0.798758 0.394052 0.0368594 0.0537237
0 0.113164 0.273255 0.0192031 0.0427635
