0 0.195773 0.535681 0.0548281 0.222207
0 0.575484 0.540477 0.0990938 0.257411
0 0.0882266 0.582616 0.0841406 0.313243
0 0.355953 0.576567 0.115656 0.332153
0 0.513852 0.549183 0.0307031 0.121853
0 0.742133 0.489986 0.0227969 0.0480381
0 0.822484 0.461267 0.0222812 0.0420981
0 0.413523 0.514292 0.0214219 0.0404632
0 0.66975 0.546144 0.083125 0.22248
0 0.860531 0.480232 0.0487187 0.0789373
0 0.89325 0.470858 0.0373125 0.057139
0 0.350031 0.446349 0.0342812 0.0448501
0 0.679477 0.436253 0.0428281 0.109128
