0 0.3544 0.57193 0.276847 0.370641
0 0.873753 0.389781 0.0537647 0.0930312
0 0.444294 0.407781 0.156682 0.153875
0 0.784871 0.447281 0.0975059 0.228281
0 0.536835 0.391016 0.0679294 0.0773438
0 0.667306 0.367477 0.0756471 0.0527969
0 0.602153 0.391398 0.0526353 0.0614219
0 0.827635 0.391359 0.0447765 0.0836563
0 0.599294 0.358289 0.0440471 0.0359219
0 0.988824 0.376937 0.0210353 0.0967187
0 0.333094 0.363398 0.0455765 0.0556094
0 0.201918 0.452516 0.172776 0.175375
0 0.0601059 0.414031 0.0988941 0.108
