0 0.0620391 0.647234 0.0262656 0.160957
0 0.0832969 0.656915 0.0390937 0.145319
0 0.0299453 0.647779 0.0395156 0.157899
0 0.611305 0.556263 0.0144844 0.034867
0 0.653523 0.560465 0.0271719 0.03875
0 0.416992 0.542753 0.0196094 0.0386968
0 0.680492 0.56617 0.0145469 0.0217021
0 0.590781 0.556902 0.0274063 0.0344947
0 0.352211 0.534322 0.0194219 0.0447074
0 0.327219 0.534202 0.0167187 0.043617
0 0.075875 0.599894 0.01725 0.048883
0 0.554391 0.599761 0.0579375 0.159628
0 0.623016 0.561037 0.010125 0.030266
