2 0.674086 0.831452 0.140266 0.153208
0 0.0311562 0.843911 0.0335937 0.161967
0 0.321023 0.827892 0.0398906 0.163232
0 0.845492 0.831628 0.0648594 0.166628
0 0.0775391 0.82904 0.0332344 0.165199
0 0.383977 0.822927 0.0527031 0.173021
2 0.653047 0.744766 0.0325 0.0252225
0 0.111312 0.83459 0.031625 0.165714
0 0.0300547 0.758642 0.0219531 0.0419204
0 0.736523 0.706944 0.0425469 0.0735129
0 0.862797 0.735398 0.005375 0.0382436
0 0.0953516 0.858665 0.0143281 0.108525
0 0.0102813 0.837237 0.0205625 0.171803
