0 0.77468 0.174871 0.0351406 0.137459
0 0.332773 0.0729176 0.0297031 0.145412
0 0.738492 0.134906 0.0366719 0.0674588
0 0.700891 0.126847 0.0296875 0.0655529
0 0.375641 0.0777647 0.0327812 0.132471
0 0.278687 0.0719176 0.0355625 0.143835
0 0.237195 0.0721529 0.0359219 0.144306
0 0.707695 0.177753 0.0769219 0.0990824
0 0.504008 0.149094 0.0402031 0.230941
0 0.259078 0.0342706 0.0146563 0.0469882
0 0.215641 0.0340941 0.018625 0.0441882
0 0.658859 0.142765 0.0436563 0.0893412
0 0.352609 0.0248471 0.0144375 0.0483765
