0 0.41532 0.122453 0.0776094 0.244577
0 0.949078 0.201127 0.100219 0.402254
0 0.32868 0.133462 0.0467031 0.266925
0 0.451125 0.101796 0.0390625 0.1927
0 0.224047 0.0579343 0.0320312 0.0540845
0 0.574 0.0505164 0.0292187 0.0993427
0 0.364227 0.110552 0.0403906 0.213498
0 0.540266 0.0579577 0.0289063 0.0749296
0 0.481398 0.0950587 0.0371094 0.179977
0 0.623828 0.25135 0.147125 0.313028
0 0.88375 0.0937676 0.0359375 0.177911
0 0.377359 0.0339319 0.016 0.045892
0 0.815766 0.0614906 0.0382813 0.0553286
