1 0.383445 0.661885 0.349797 0.342646
0 0.422922 0.528188 0.149875 0.4895
0 0.746344 0.414177 0.187219 0.241479
0 0.974008 0.348156 0.0507344 0.167646
0 0.199648 0.283812 0.0286094 0.0983333
0 0.475648 0.375906 0.0873906 0.239687
0 0.0394531 0.297052 0.0380937 0.0896042
0 0.323859 0.244677 0.0266562 0.0520625
0 0.501875 0.280625 0.0234688 0.0627917
0 0.527086 0.268979 0.0219844 0.0637917
0 0.767844 0.31525 0.045625 0.177333
0 0.953617 0.246323 0.0234844 0.0332708
0 0.345266 0.288042 0.0407813 0.08
0 0.237039 0.263792 0.0280469 0.04975
